Method:Selection sort
order:ascending
2000|5|0
4000|20|2.08167
6000|45|1.41421
8000|77|1.20185
10000|122|1.37437
12000|175|1.29099
14000|239|2.92499
16000|312|1.76383
18000|407|16.3163
20000|500|16.0797
Method:Selection sort
order:constant
2000|4|0.57735
4000|19|0.333333
6000|44|0.333333
8000|80|3.14466
10000|122|1.20185
12000|179|9.36305
14000|241|4.12311
16000|318|8.16497
18000|411|17.5214
20000|539|33.6997
Method:Selection sort
order:descending
2000|4|0.881917
4000|20|0.57735
6000|43|1.05409
8000|82|5.41603
10000|122|1.29099
12000|175|1.33333
14000|239|1.56347
16000|323|13.7437
18000|417|36.5665
20000|882|97.7105
Method:Selection sort
order:random
2000|9|0.57735
4000|39|1.63299
6000|84|13.2372
8000|145|29.1986
10000|241|6.84755
12000|332|29.924
14000|392|107.876
16000|537|126.59
18000|716|88.6654
20000|645|172.348
Method:Insertion sort
order:ascending
20000|0|0
40000|0|0
60000|0|0
80000|0|0
100000|0|0
120000|0|0
140000|0|0
160000|0|0
180000|0|0
200000|0|0
Method:Insertion sort
order:constant
20000|0|0
40000|0|0
60000|0|0
80000|0|0
100000|0|0
120000|0|0
140000|0|0
160000|0|0
180000|0|0
200000|0|0
Method:Insertion sort
order:descending
2000|4|0.942809
4000|19|0.942809
6000|45|0.666667
8000|81|3.72678
10000|126|1.56347
12000|183|4.40959
14000|248|3.77124
16000|323|4.12311
18000|431|32.0468
20000|561|161.652
Method:Insertion sort
order:random
2000|5|0.333333
4000|22|3.80058
6000|36|15.695
8000|94|3.19722
10000|81|26.1576
12000|177|52.3163
14000|209|75.4203
16000|318|81.2493
18000|360|113.251
20000|517|136.913
Method:Quicksort
order:ascending
2000|17|1.88562
4000|52|19.362
6000|141|32.7533
8000|190|63.6195
10000|218|1.24722
12000|336|35.7274
14000|731|127.991
16000|953|192.672
18000|1123|148.815
20000|1214|270.972
Method:Quicksort
order:constant
2000|8|0.333333
4000|33|1.59861
6000|81|4.39697
8000|142|3.62093
10000|214|3.07318
12000|324|17.6635
14000|436|22.9105
16000|563|9.15909
18000|710|6.91215
20000|878|5.72519
Method:Quicksort
order:descending
2000|5|0
4000|21|0.666667
6000|49|4.44722
8000|85|1.10554
10000|134|2.53859
12000|195|6.733
14000|264|3.85861
16000|351|10.5987
18000|442|21.9646
20000|529|9.08601
Method:Quicksort
order:random
20000|2|0
40000|4|0.333333
60000|7|0
80000|9|1.1547
100000|12|0.666667
120000|16|1.05409
140000|18|0.333333
160000|21|1.41421
180000|24|0.57735
200000|27|0.666667
Method:Quicksort median of three
order:ascending
20000|0|0.942809
40000|1|1
60000|3|0
80000|4|0
100000|5|0.333333
120000|6|0.471405
140000|7|0.57735
160000|9|0
180000|10|1.29099
200000|11|0.942809
Method:Quicksort median of three
order:constant
2000|8|0.333333
4000|34|0.666667
6000|76|1.05409
8000|135|1.33333
10000|213|3.63624
12000|306|4.16333
14000|416|1.56347
16000|554|16.9444
18000|898|254.04
20000|1157|424.634
Method:Quicksort median of three
order:descending
20000|1|0.666667
40000|3|0.942809
60000|5|1
80000|8|0.333333
100000|10|0.942809
120000|13|0
140000|15|1.05409
160000|18|0.471405
180000|20|1.05409
200000|23|0.666667
Method:Quicksort median of three
order:random
20000|2|0
40000|4|0.666667
60000|7|0.666667
80000|10|1.52753
100000|13|0.471405
120000|15|1.10554
140000|18|1.20185
160000|21|1.20185
180000|25|1.1547
200000|28|1.37437
Method:Std::sort
order:ascending
20000|1|0
40000|2|0
60000|3|0
80000|5|0.471405
100000|6|0.333333
120000|8|0.333333
140000|8|0.471405
160000|11|0.57735
180000|12|0.745356
200000|14|0.333333
Method:Std::sort
order:constant
20000|2|0
40000|4|0.471405
60000|7|0
80000|10|0.333333
100000|13|0
120000|15|0.666667
140000|19|0.471405
160000|22|0.57735
180000|25|0
200000|27|1.41421
Method:Std::sort
order:descending
20000|1|0
40000|2|0
60000|3|0
80000|4|0.333333
100000|5|0
120000|6|0.881917
140000|8|0.57735
160000|9|1
180000|10|1.05409
200000|11|0.881917
Method:Std::sort
order:random
20000|2|0
40000|5|0.333333
60000|8|0.745356
80000|12|0.333333
100000|15|0.57735
120000|18|0.881917
140000|22|0.471405
160000|25|0.942809
180000|29|1.41421
200000|32|1.29099
